
THE RESULT ARE:
BUS DATA
BUS     VOLTAGE      ANGLE(DEGS.)      BUS P          BUS Q
  1  7.72911e-01      -54.52034   -1.60000e+00   -8.00000e-01
  2  8.26314e-01      -55.02570   -2.00000e+00   -1.00000e+00
  3  9.94488e-01      -12.82687   -3.70000e+00   -1.30000e+00
  4  1.05000e+00        0.00000    7.35940e+00    4.42764e+00
 LINE FLOW 
 1       1          2 1.165725e-02-3.116421e-01 7.254034e-04-3.087301e-01                2          1-1.093185e-02 2.911985e-03
 2       1          3-1.350509e+00 6.188893e-02 0.000000e+00 1.158231e+00                3          1 1.350509e+00 1.096342e+00
 3       2          3-1.699276e+00 1.976518e-01 1.135631e-01 9.956981e-01                3          2 1.812839e+00 7.980463e-01
 4       4          3 7.359398e+00 4.427637e+00 0.000000e+00 2.007195e+00                3          4-7.359398e+00-2.420443e+00